#networks:5
#directed:0
--0--
1	10	0.27058
1	15	0.20353
2	100	0.12123
2	110	0.081502
3	171	0.046042
3	22	0.088579
4	11	0.083212
4	19	0.18913
5	405	0.037892
5	42	0.11116
6	19	0.13073
6	26	0.1234
7	13	0.11474
7	35	0.28832
8	11	0.091389
8	15	0.17516
9	43	0.060044
9	55	0.078122
10	1	0.27058
10	15	0.21394
11	15	0.090276
11	4	0.083212
12	100	0.12826
12	2	0.08437
13	35	0.090405
13	43	0.11395
14	26	0.10296
14	55	0.10341
15	1	0.20353
15	10	0.21394
16	138	0.048927
16	25	0.18983
17	1	0.22938
17	10	0.21349
18	23	0.18989
18	55	0.09379
19	23	0.14234
19	4	0.18913
20	102	0.051922
20	119	0.048934
21	338	0.079531
21	36	0.20454
22	163	0.076021
22	166	0.079565
23	18	0.18989
23	19	0.14234
24	1	0.18105
24	17	0.18571
25	16	0.18983
25	332	0.083519
26	14	0.10296
26	30	0.1238
27	171	0.057213
27	23	0.076346
28	39	0.10401
28	44	0.075904
29	163	0.069208
29	191	0.061811
30	26	0.1238
30	55	0.10653
31	187	0.067326
31	597	0.054516
32	141	0.12101
32	2	0.11537
33	122	0.063058
33	161	0.045247
34	163	0.10034
34	177	0.1024
35	13	0.090405
35	43	0.15152
36	21	0.20454
36	27	0.067822
37	17	0.10409
37	2	0.0895
38	2	0.069071
38	25	0.075724
39	28	0.10401
39	55	0.11044
40	21	0.37682
40	27	0.077484
41	132	0.069938
41	162	0.078946
42	26	0.069358
42	4	0.099319
43	13	0.11395
43	191	0.17807
44	28	0.075904
44	48	0.25423
45	26	0.073012
45	73	0.48322
46	16	0.053949
46	21	0.11626
47	13	0.16484
47	35	0.16976
48	179	0.056098
48	28	0.09527
49	21	0.10339
49	40	0.080901
50	1	0.10014
50	34	0.099652
51	1	0.19314
51	10	0.20166
52	1	0.25178
52	10	0.26592
53	163	0.10123
53	270	0.058145
54	21	0.13559
54	40	0.16184
55	108	0.083162
55	115	0.08093
56	162	0.067014
56	163	0.069615
57	103	0.078952
57	501	0.074069
58	19	0.094528
58	234	0.032734
59	11	0.067348
59	141	0.072737
60	1	0.16769
60	10	0.18282
61	149	0.056914
61	212	0.059308
62	100	0.10762
62	110	0.091182
63	152	0.074403
63	186	0.050461
64	28	0.081325
64	526	0.065518
65	1	0.15417
65	10	0.20193
66	28	0.15554
66	39	0.11958
67	131	0.087424
67	18	0.26151
68	1	0.0816
68	100	0.096403
69	141	0.064098
69	30	0.073822
70	141	0.087413
70	163	0.082858
71	1	0.3991
71	15	0.16667
72	1	0.19858
72	10	0.22912
73	19	0.10656
73	31	0.077459
74	1	0.69112
74	10	0.20418
75	10	0.23137
75	17	0.17201
76	11	0.083705
76	171	0.048939
77	14	0.0888
77	25	0.10144
78	14	0.09374
78	26	0.16229
79	22	0.071592
79	28	0.16998
80	18	0.086053
80	25	0.083284
81	14	0.08953
81	21	0.21154
82	16	0.04679
82	19	0.12892
83	196	0.071403
83	329	0.07414
84	21	0.27056
84	36	0.17519
85	1	0.22134
85	10	0.1995
86	19	0.10144
86	22	0.10266
87	26	0.10059
87	30	0.09452
88	13	0.11092
88	171	0.045007
89	177	0.087547
89	26	0.074577
90	247	0.047512
90	282	0.04613
91	10	0.12498
91	2	0.19221
92	49	0.18401
92	55	0.058703
93	1	0.1796
93	10	0.19374
94	3	0.11643
94	36	0.12901
95	23	0.11491
95	27	0.077006
96	128	0.075384
96	163	0.13002
97	100	0.089428
97	108	0.096085
98	175	0.058836
98	26	0.066826
99	21	0.16089
99	36	0.16564
100	12	0.12826
100	2	0.12123
101	102	0.30694
101	103	0.14206
102	101	0.30694
102	103	0.13468
103	101	0.14206
103	102	0.13468
104	139	0.16717
104	146	0.17089
105	163	0.10997
105	193	0.083898
106	103	0.061604
106	157	0.059114
107	135	0.055311
107	493	0.048991
108	111	0.060001
108	163	0.27207
109	114	0.10783
109	127	0.080516
110	121	0.09893
110	163	0.085666
111	108	0.060001
111	375	0.063863
112	119	0.091771
112	147	0.13546
113	115	0.084353
113	125	0.083862
114	109	0.10783
114	127	0.21378
115	113	0.084353
115	117	0.087492
116	147	0.46818
116	170	0.12674
117	115	0.087492
117	118	0.59424
118	117	0.59424
118	123	0.19588
119	102	0.08878
119	112	0.091771
120	148	0.083647
120	154	0.092148
121	110	0.09893
121	130	0.19673
122	161	0.048816
122	163	0.049341
123	117	0.19308
123	118	0.19588
124	163	0.1138
124	172	0.094941
125	113	0.083862
125	115	0.75443
126	137	0.078099
126	150	0.069717
127	109	0.080516
127	114	0.21378
128	129	0.08418
128	136	0.11255
129	128	0.08418
129	136	0.080054
130	121	0.19673
130	145	0.45241
131	133	0.079355
131	147	0.11184
132	139	0.44101
132	153	0.11481
133	103	0.10765
133	109	0.070262
134	189	0.43371
134	197	0.057903
135	107	0.055311
135	119	0.082619
136	128	0.11255
136	129	0.080054
137	114	0.065981
137	126	0.078099
138	129	0.19971
138	136	0.10532
139	104	0.16717
139	132	0.44101
140	101	0.13754
140	102	0.16566
141	158	0.11476
141	163	0.16559
142	121	0.17746
142	140	0.10429
143	101	0.072059
143	102	0.069042
144	136	0.094208
144	155	0.15518
145	121	0.20405
145	130	0.45241
146	104	0.17089
146	137	0.06938
147	112	0.13546
147	116	0.46818
148	120	0.083647
148	123	0.096265
149	112	0.064597
149	118	0.098449
150	114	0.10625
150	126	0.069717
151	126	0.067233
151	146	0.069224
152	121	0.14145
152	130	0.092541
153	132	0.11481
153	139	0.10411
154	117	0.16673
154	120	0.092148
155	128	0.12501
155	135	0.073763
156	126	0.071946
156	142	0.24216
157	106	0.059114
157	115	0.13399
158	141	0.11476
158	142	0.095941
159	118	0.08658
159	154	0.075206
160	117	0.080691
160	150	0.19486
161	122	0.048816
161	132	0.074134
162	151	0.17835
162	41	0.078946
163	101	0.15552
163	102	0.12614
164	114	0.08816
164	126	0.078636
165	121	0.44886
165	142	0.1966
166	22	0.079565
166	221	0.045981
167	136	0.15442
167	138	0.36664
168	117	0.075358
168	154	0.10175
169	106	0.31714
169	108	0.075068
170	116	0.12674
170	142	0.13287
171	27	0.057213
171	3	0.046042
172	103	0.27086
172	106	0.068527
173	121	0.21914
173	130	0.38816
174	116	0.13407
174	139	0.10547
175	114	0.15499
175	127	0.09868
176	114	0.098611
176	127	0.34856
177	131	0.080885
177	132	0.074811
178	112	0.14265
178	116	0.30013
179	114	0.12359
179	120	0.10421
180	103	0.099561
180	135	0.19239
181	104	0.18241
181	128	0.18335
182	104	0.12812
182	117	0.31084
183	109	0.10171
183	114	0.17778
184	136	0.10462
184	144	0.10145
185	133	0.052636
185	173	0.048784
186	368	0.043236
186	395	0.065959
187	104	0.19347
187	136	0.22693
188	104	0.17068
188	128	0.15433
189	134	0.43371
189	179	0.11005
190	156	0.05385
190	199	0.063056
191	117	0.096203
191	123	0.086583
192	150	0.20398
192	160	0.2258
193	105	0.083898
193	109	0.091156
194	102	0.091369
194	112	0.068945
195	102	0.054969
195	153	0.18753
196	163	0.068692
196	176	0.18771
197	101	0.11885
197	102	0.12934
198	120	0.20425
198	163	0.12614
199	142	0.13407
199	190	0.063056
200	116	0.14852
200	119	0.08668
201	232	0.38643
201	265	0.071735
202	209	0.080706
202	217	0.088916
203	361	0.039606
203	373	0.048831
204	208	0.075679
204	230	0.079927
205	221	0.039493
205	229	0.12678
206	227	0.080503
206	229	0.12551
207	228	0.1065
207	232	0.078008
208	204	0.075679
208	210	0.074889
209	202	0.080706
209	217	0.07728
210	208	0.074889
210	218	0.12638
211	216	0.11698
211	244	0.28103
212	120	0.070417
212	159	0.09463
213	223	0.050034
213	224	0.057523
214	190	0.060129
214	244	0.25917
215	101	0.039676
215	163	0.045833
216	211	0.11698
216	244	0.097558
217	202	0.088916
217	209	0.07728
218	210	0.12638
218	231	0.10655
219	251	0.09922
219	268	0.077584
220	270	0.085353
220	351	0.14436
221	166	0.045981
221	205	0.039493
222	246	0.064542
222	266	0.073286
223	199	0.071072
223	213	0.050034
224	213	0.057523
224	232	0.079679
225	208	0.072249
225	259	0.063521
226	285	0.074891
226	368	0.11385
227	206	0.080503
227	237	0.093385
228	207	0.1065
228	242	0.071328
229	205	0.12678
229	206	0.12551
230	204	0.079927
230	223	0.06867
231	218	0.10655
231	250	0.081784
232	201	0.38643
232	205	0.10239
233	239	0.087735
233	285	0.13014
234	271	0.030213
234	300	0.032147
235	217	0.07074
235	230	0.06735
236	229	0.083779
236	278	0.099324
237	205	0.12322
237	206	0.11844
238	237	0.076988
238	264	0.064307
239	233	0.087735
239	262	0.063802
240	244	0.059416
240	294	0.13405
241	205	0.076511
241	217	0.074716
242	207	0.10395
242	228	0.071328
243	242	0.078473
243	284	0.085361
244	211	0.28103
244	214	0.25917
245	211	0.077411
245	248	0.10347
246	222	0.064542
246	266	0.078107
247	208	0.1179
247	229	0.076499
248	134	0.066794
248	245	0.10347
249	204	0.08218
249	208	0.20255
250	223	0.098529
250	231	0.081784
251	219	0.09922
251	229	0.08174
252	163	0.078923
252	211	0.41135
253	229	0.070491
253	274	0.067236
254	217	0.079862
254	221	0.093321
255	290	0.068523
255	355	0.070745
256	206	0.076476
256	237	0.162
257	204	0.079507
257	229	0.088346
258	249	0.10495
258	268	0.15973
259	211	0.1776
259	225	0.063521
260	285	0.086593
260	292	0.16033
261	209	0.098643
261	212	0.070375
262	207	0.066784
262	239	0.063802
263	245	0.12251
263	248	0.076272
264	165	0.064098
264	238	0.064307
265	201	0.071735
265	259	0.084942
266	208	0.083491
266	217	0.096979
267	202	0.023285
267	235	0.027285
268	219	0.077584
268	223	0.094367
269	284	0.098963
269	298	0.20209
270	201	0.064837
270	220	0.085353
271	234	0.030213
271	268	0.042902
272	217	0.097246
272	241	0.0786
273	279	0.094793
273	297	0.071262
274	207	0.086529
274	229	0.12111
275	207	0.075574
275	300	0.057264
276	40	0.05661
276	487	0.05156
277	201	0.19652
277	229	0.05614
278	217	0.089565
278	236	0.099324
279	266	0.16668
279	273	0.094793
280	206	0.14111
280	210	0.09571
281	199	0.060948
281	329	0.067192
282	208	0.11687
282	229	0.074616
283	208	0.057193
283	216	0.28086
284	227	0.082878
284	229	0.10665
285	226	0.074891
285	233	0.13014
286	224	0.075798
286	258	0.10902
287	204	0.08192
287	206	0.14483
288	201	0.069753
288	295	0.08252
289	163	0.075562
289	297	0.07232
290	113	0.076769
290	205	0.093101
291	229	0.058682
291	292	0.089789
292	231	0.1061
292	233	0.17199
293	208	0.068439
293	229	0.081091
294	205	0.14349
294	208	0.12806
295	230	0.13352
295	232	0.10888
296	217	0.068041
296	235	0.082993
297	232	0.10657
297	246	0.067872
298	228	0.078832
298	243	0.07836
299	206	0.30867
299	217	0.11581
300	234	0.032147
300	245	0.084939
301	209	0.080211
301	229	0.12131
302	231	0.097362
302	240	0.057661
303	208	0.076493
303	259	0.071364
304	231	0.086246
304	368	0.36434
305	327	0.10256
305	331	0.092052
306	312	0.091075
306	320	0.14069
307	224	0.064448
307	239	0.11135
308	160	0.092602
308	319	0.095912
309	294	0.22983
309	379	0.49464
310	213	0.049609
310	248	0.093239
311	223	0.1211
311	240	0.067087
312	306	0.091075
312	326	0.099238
313	353	0.38614
313	580	0.096236
314	219	0.11718
314	316	0.12182
315	217	0.12486
315	222	0.079796
316	219	0.13127
316	240	0.17974
317	228	0.072758
317	231	0.12261
318	241	0.069111
318	316	0.084413
319	300	0.12051
319	308	0.095912
320	306	0.14069
320	373	0.099084
321	315	0.10761
321	327	0.094564
322	219	0.13375
322	330	0.11777
323	16	0.053922
323	238	0.11196
324	302	0.064986
324	377	0.105
325	210	0.081928
325	289	0.079222
326	209	0.079375
326	310	0.13405
327	231	0.1629
327	305	0.10256
328	340	0.061055
328	550	0.070186
329	260	0.094971
329	264	0.065595
330	322	0.11777
330	340	0.27918
331	219	0.15531
331	294	0.17184
332	25	0.083519
332	355	0.067653
333	305	0.077295
333	306	0.12559
334	172	0.077481
334	407	0.082368
335	305	0.36646
335	306	0.16324
336	302	0.096748
336	319	0.14851
337	317	0.068916
337	415	0.089053
338	21	0.079531
338	315	0.082469
339	231	0.119
339	317	0.12547
340	328	0.061055
340	330	0.27918
341	310	0.19323
341	312	0.092243
342	202	0.16671
342	301	0.072749
343	315	0.056632
343	383	0.073459
344	231	0.077056
344	322	0.074843
345	393	0.094107
345	407	0.12215
346	204	0.056341
346	325	0.10751
347	231	0.15854
347	325	0.089411
348	195	0.058645
348	322	0.16537
349	207	0.09961
349	229	0.095045
350	231	0.127
350	302	0.098698
351	220	0.14436
351	306	0.10621
352	300	0.10766
352	310	0.098183
353	202	0.081976
353	217	0.14534
354	291	0.072584
354	322	0.12877
355	255	0.070745
355	288	0.10478
356	229	0.069412
356	352	0.071232
357	267	0.029986
357	305	0.069626
358	322	0.092898
358	355	0.090904
359	316	0.087333
359	322	0.06893
360	279	0.063612
360	386	0.071294
361	203	0.039606
361	816	0.062833
362	228	0.068366
362	363	0.20241
363	219	0.11867
363	294	0.16228
364	326	0.13906
364	327	0.14384
365	484	0.058207
365	505	0.04311
366	315	0.12392
366	353	0.10407
367	154	0.088155
367	168	0.081595
368	166	0.071113
368	186	0.043236
369	330	0.080126
369	357	0.28078
370	317	0.075338
370	347	0.088893
371	229	0.079583
371	339	0.068232
372	220	0.093557
372	340	0.077612
373	203	0.048831
373	223	0.12565
374	223	0.13044
374	231	0.098136
375	111	0.063863
375	199	0.067479
376	217	0.10429
376	380	0.08894
377	222	0.092037
377	324	0.105
378	21	0.067123
378	239	0.071081
379	205	0.073574
379	294	0.16959
380	329	0.13898
380	376	0.08894
381	210	0.12586
381	218	0.14696
382	231	0.12227
382	234	0.029541
383	302	0.10387
383	310	0.14609
384	301	0.098797
384	310	0.26921
385	294	0.11343
385	314	0.17242
386	233	0.082116
386	239	0.084749
387	219	0.07031
387	237	0.10924
388	217	0.17534
388	229	0.14787
389	383	0.10549
389	398	0.097317
390	231	0.15295
390	243	0.068346
391	217	0.10849
391	218	0.14078
392	238	0.13632
392	317	0.13039
393	219	0.17403
393	251	0.085934
394	226	0.22733
394	228	0.081386
395	186	0.065959
395	221	0.042601
396	380	0.060896
396	442	0.062846
397	217	0.086494
397	331	0.087695
398	383	0.15864
398	389	0.097317
399	213	0.073866
399	223	0.18091
400	203	0.058033
400	314	0.10962
401	335	0.06106
401	404	0.084438
402	408	0.66932
402	502	0.062731
403	233	0.045345
403	386	0.064635
404	401	0.084438
404	422	0.13631
405	42	0.055217
405	462	0.044944
406	33	0.046584
406	366	0.10416
407	124	0.080149
407	192	0.16282
408	363	0.076803
408	402	0.66932
409	294	0.093358
409	302	0.088315
410	415	0.083527
410	421	0.1895
411	309	0.11159
411	332	0.075405
412	255	0.043443
412	436	0.048488
413	294	0.078825
413	335	0.089236
414	409	0.069557
414	438	0.051223
415	208	0.095026
415	214	0.068746
416	435	0.90053
416	450	0.32824
417	62	0.042752
417	721	0.045243
418	201	0.068807
418	325	0.13912
419	271	0.055454
419	362	0.070347
420	122	0.04532
420	189	0.036981
421	410	0.1895
421	429	0.19723
422	404	0.13631
422	461	0.11734
423	186	0.081358
423	309	0.069531
424	345	0.11738
424	407	0.087186
425	389	0.07353
425	657	0.062038
426	157	0.057999
426	338	0.080106
427	277	0.041598
427	466	0.065561
428	446	0.086715
428	450	0.09912
429	410	0.21593
429	413	0.079198
430	141	0.071958
430	369	0.12035
431	187	0.073186
431	255	0.070186
432	157	0.059805
432	338	0.1158
433	163	0.076551
433	309	0.10355
434	410	0.63693
434	415	0.082227
435	406	0.07664
435	416	0.90053
436	203	0.042523
436	233	0.074113
437	260	0.06745
437	329	0.065749
438	282	0.050723
438	283	0.050588
439	357	0.064329
439	369	0.097447
440	340	0.11672
440	355	0.072954
441	455	0.78943
441	467	0.066029
442	187	0.069998
442	329	0.069164
443	385	0.20438
443	414	0.25271
444	111	0.074807
444	324	0.06607
445	411	0.10413
445	448	0.53191
446	428	0.086715
446	443	0.084653
447	436	0.071177
447	724	0.17716
448	411	0.095752
448	445	0.53191
449	309	0.070131
449	373	0.07277
450	171	0.047342
450	332	0.060351
451	410	0.17685
451	421	0.17674
452	208	0.073025
452	229	0.072888
453	248	0.055182
453	357	0.062758
454	381	0.081777
454	399	0.072122
455	320	0.06882
455	407	0.068124
456	414	0.098314
456	443	0.10392
457	217	0.086412
457	246	0.065791
458	232	0.063197
458	284	0.055176
459	294	0.053083
459	389	0.054255
460	164	0.058428
460	310	0.061179
461	401	0.063661
461	404	0.72799
462	405	0.044944
462	411	0.23181
463	310	0.077069
463	375	0.086973
464	261	0.053007
464	318	0.068046
465	446	0.20387
465	450	0.074667
466	357	0.11007
466	369	0.13141
467	346	0.057012
467	403	0.062971
468	294	0.061691
468	302	0.068064
469	166	0.088114
469	317	0.066256
470	142	0.057938
470	369	0.075011
471	163	0.054706
471	302	0.073748
472	409	0.08331
472	411	0.11312
473	289	0.07216
473	294	0.058081
474	428	0.072102
474	445	0.082521
475	229	0.065759
475	252	0.054072
476	297	0.060937
476	396	0.068337
477	416	0.59965
477	428	0.073264
478	208	0.064508
478	389	0.097681
479	307	0.057683
479	310	0.052304
480	407	0.073853
480	412	0.05451
481	309	0.058342
481	492	0.077577
482	304	0.08612
482	374	0.079727
483	33	0.073302
483	374	0.063288
484	221	0.039964
484	345	0.094333
485	125	0.070638
485	176	0.094226
486	238	0.068369
486	395	0.069787
487	276	0.05156
487	302	0.073784
488	424	0.070177
488	476	0.13694
489	300	0.078109
489	311	0.090216
490	176	0.062363
490	485	0.49893
491	260	0.051936
491	329	0.050509
492	428	0.071064
492	435	0.065461
493	107	0.048991
493	294	0.052346
494	414	0.34463
494	443	0.69607
495	261	0.063118
495	306	0.06603
496	406	0.12521
496	414	0.076362
497	383	0.054697
497	467	0.073623
498	294	0.12338
498	309	0.18899
499	337	0.0722
499	391	0.080433
500	307	0.05558
500	345	0.11636
501	513	0.17497
501	514	0.10263
502	343	0.057513
502	402	0.062731
503	283	0.059552
503	507	0.17255
504	273	0.070924
504	308	0.072563
505	312	0.065207
505	365	0.04311
506	269	0.076213
506	406	0.097437
507	105	0.086584
507	185	0.04412
508	163	0.10895
508	524	0.15698
509	504	0.17421
509	522	0.23526
510	264	0.074158
510	527	0.17251
511	526	0.088405
511	535	0.097969
512	356	0.064512
512	503	0.065216
513	501	0.17497
513	528	0.073161
514	196	0.062378
514	501	0.10263
515	532	0.17194
515	544	0.22645
516	528	0.11157
516	558	0.48154
517	254	0.051261
517	342	0.057547
518	507	0.33206
518	568	0.1213
519	504	0.16109
519	521	0.11117
520	190	0.056315
520	524	0.12078
521	308	0.062795
521	519	0.11117
522	504	0.17343
522	509	0.23526
523	346	0.058611
523	452	0.066939
524	120	0.11074
524	507	0.15082
525	403	0.067636
525	437	0.043716
526	511	0.088405
526	540	0.14868
527	199	0.099606
527	337	0.082686
528	370	0.063243
528	503	0.098719
529	138	0.042356
529	163	0.04285
530	148	0.097175
530	224	0.083619
531	113	0.076911
531	220	0.14326
532	497	0.087738
532	514	0.11806
533	214	0.096393
533	510	0.13088
534	443	0.07326
534	456	0.091248
535	220	0.10453
535	272	0.078768
536	118	0.08874
536	123	0.088542
537	523	0.093764
537	549	0.11745
538	509	0.11581
538	519	0.11247
539	131	0.086381
539	484	0.074058
540	395	0.12215
540	505	0.049896
541	503	0.099371
541	507	0.089036
542	147	0.06448
542	549	0.061926
543	297	0.071601
543	360	0.065982
544	123	0.090125
544	507	0.091626
545	294	0.080467
545	367	0.074188
546	163	0.067467
546	527	0.072237
547	507	0.12909
547	549	0.18872
548	29	0.060093
548	503	0.50325
549	141	0.12693
549	148	0.084197
550	311	0.085064
550	328	0.070186
551	501	0.053109
551	510	0.27856
552	308	0.065343
552	366	0.10589
553	433	0.080258
553	502	0.12108
554	113	0.079728
554	220	0.14868
555	506	0.084792
555	511	0.091347
556	509	0.21108
556	522	0.1776
557	163	0.11018
557	198	0.10216
558	303	0.072527
558	483	0.082195
559	501	0.18271
559	514	0.074041
560	136	0.13395
560	155	0.08508
561	503	0.071329
561	552	0.069259
562	285	0.095113
562	535	0.10092
563	263	0.084812
563	266	0.087692
564	507	0.065032
564	526	0.070741
565	139	0.080226
565	517	0.051752
566	509	0.18924
566	515	0.28396
567	169	0.086833
567	493	0.05224
568	475	0.051793
568	518	0.1213
569	130	0.345
569	145	0.27346
570	330	0.083412
570	443	0.073339
571	505	0.054293
571	507	0.13374
572	227	0.060819
572	536	0.099706
573	519	0.087817
573	521	0.1211
574	220	0.095192
574	531	0.14414
575	124	0.076701
575	172	0.12397
576	320	0.12639
576	503	0.14194
577	336	0.068951
577	525	0.11523
578	424	0.088137
578	504	0.12194
579	297	0.050742
579	432	0.055535
580	313	0.096236
580	353	0.11899
581	276	0.052777
581	456	0.10089
582	243	0.10149
582	271	0.038514
583	502	0.15948
583	506	0.17856
584	504	0.18322
584	507	0.14336
585	501	0.26639
585	513	0.11536
586	504	0.20048
586	509	0.31092
587	163	0.096197
587	503	0.099619
588	107	0.053949
588	520	0.099067
589	110	0.06473
589	520	0.068777
590	122	0.061064
590	503	0.1243
591	265	0.065344
591	484	0.078531
592	132	0.076248
592	509	0.17635
593	503	0.16757
593	507	0.1782
594	506	0.046804
594	534	0.39171
595	334	0.065402
595	507	0.11994
596	156	0.067881
596	199	0.11927
597	31	0.054516
597	503	0.11986
598	179	0.11854
598	508	0.13116
599	105	0.094902
599	190	0.058606
600	156	0.092994
600	172	0.12597
601	326	0.059192
601	619	0.03802
602	612	0.1049
602	626	0.19758
603	494	0.056352
603	570	0.055634
604	623	0.07665
604	634	0.079939
605	610	0.082232
605	615	0.15316
606	102	0.05904
606	466	0.059854
607	57	0.074472
607	621	0.49472
608	328	0.059877
608	420	0.083069
609	319	0.12387
609	375	0.063489
610	234	0.031231
610	415	0.081433
611	165	0.1024
611	608	0.10688
612	602	0.1049
612	620	0.086979
613	113	0.048674
613	426	0.056745
614	102	0.066357
614	62	0.071057
615	163	0.10765
615	466	0.080527
616	120	0.052508
616	163	0.061717
617	479	0.050202
617	605	0.055263
618	200	0.044848
618	270	0.056692
619	601	0.03802
619	622	0.036931
620	605	0.082229
620	612	0.086979
621	441	0.1234
621	455	0.13042
622	105	0.090511
622	108	0.098647
623	207	0.070277
623	520	0.082594
624	605	0.11767
624	630	0.12433
625	113	0.046998
625	125	0.04168
626	602	0.19758
626	612	0.11157
627	618	0.039118
627	652	0.32975
628	102	0.082259
628	622	0.070441
629	330	0.040796
629	648	0.11985
630	612	0.43719
630	624	0.12433
631	102	0.050819
631	225	0.069957
632	238	0.093657
632	278	0.072302
633	162	0.081588
633	602	0.16588
634	520	0.071811
634	604	0.079939
635	312	0.031126
635	430	0.057054
636	465	0.053666
636	492	0.050565
637	255	0.095544
637	576	0.049315
638	328	0.068849
638	550	0.0608
639	605	0.12289
639	616	0.08088
640	604	0.043314
640	639	0.049602
641	607	0.35721
641	621	0.22173
642	404	0.099646
642	422	0.067067
643	107	0.071223
643	226	0.058849
644	343	0.068801
644	521	0.060713
645	338	0.046885
645	589	0.051747
646	208	0.039979
646	281	0.043021
647	650	0.23409
647	654	0.20433
648	329	0.051285
648	41	0.049939
649	134	0.076818
649	189	0.11901
650	647	0.23409
650	653	0.065615
651	602	0.1091
651	604	0.10425
652	613	0.097288
652	627	0.32975
653	650	0.065615
653	652	0.092319
654	615	0.10777
654	628	0.094671
655	619	0.071878
655	624	0.073155
656	482	0.057457
656	490	0.045699
657	425	0.062038
657	607	0.18583
658	271	0.035997
658	395	0.08872
659	141	0.085225
659	163	0.12396
660	394	0.042912
660	396	0.043641
661	602	0.08742
661	612	0.33942
662	102	0.065614
662	131	0.07269
663	158	0.086508
663	168	0.080902
664	650	0.074277
664	652	0.073818
665	120	0.080124
665	148	0.077024
666	117	0.055487
666	191	0.055753
667	102	0.08877
667	163	0.13906
668	647	0.17872
668	650	0.20088
669	407	0.11507
669	631	0.045273
670	602	0.14041
670	612	0.11913
671	101	0.074233
671	108	0.071631
672	439	0.061962
672	462	0.060225
673	111	0.07465
673	191	0.065032
674	142	0.042902
674	629	0.04346
675	199	0.054203
675	264	0.064279
676	325	0.11882
676	347	0.069559
677	425	0.054126
677	510	0.068013
678	659	0.06099
678	742	0.059228
679	202	0.05251
679	608	0.045321
680	41	0.05336
680	601	0.070645
681	207	0.062895
681	282	0.048381
682	626	0.060725
682	633	0.066677
683	189	0.033222
683	191	0.036212
684	208	0.054987
684	396	0.060889
685	607	0.11468
685	621	0.10264
686	634	0.057752
686	639	0.065991
687	378	0.03929
687	443	0.055433
688	622	0.083676
688	628	0.077185
689	101	0.078603
689	163	0.080597
690	102	0.070585
690	311	0.082663
691	627	0.28979
691	652	0.41992
692	408	0.053178
692	413	0.092244
693	601	0.071431
693	605	0.10164
694	167	0.059934
694	321	0.09325
695	319	0.093466
695	605	0.070434
696	608	0.1499
696	649	0.10772
697	627	0.26464
697	652	0.37437
698	565	0.038765
698	605	0.045172
699	365	0.081745
699	39	0.079018
700	163	0.10426
700	497	0.053268
701	124	0.060783
701	214	0.081142
702	720	0.12802
702	726	0.089408
703	102	0.1201
703	163	0.135
704	567	0.058065
704	579	0.062313
705	726	0.10318
705	738	0.06544
706	700	0.086327
706	714	0.096101
707	176	0.071408
707	713	0.19457
708	151	0.064428
708	251	0.061807
709	698	0.063194
709	737	0.08307
710	248	0.058615
710	310	0.053547
711	477	0.076732
711	753	0.077847
712	199	0.070791
712	412	0.076932
713	176	0.055418
713	523	0.061049
714	706	0.096101
714	716	0.13457
715	529	0.085874
715	741	0.077165
716	358	0.10516
716	714	0.13457
717	703	0.086451
717	726	0.14579
718	741	0.094959
718	778	0.085691
719	141	0.054707
719	542	0.054675
720	702	0.12802
720	704	0.054418
721	34	0.094717
721	417	0.045243
722	482	0.062607
722	746	0.06129
723	102	0.099569
723	163	0.12176
724	437	0.060314
724	447	0.17716
725	447	0.12937
725	704	0.59672
726	125	0.071211
726	417	0.049733
727	110	0.037317
727	126	0.036778
728	163	0.1382
728	62	0.099277
729	616	0.052021
729	733	0.16906
730	490	0.064749
730	707	0.16635
731	162	0.072437
731	714	0.11428
732	708	0.052637
732	724	0.11001
733	706	0.096327
733	729	0.16906
734	177	0.10712
734	549	0.10168
735	180	0.10297
735	657	0.052117
736	331	0.068914
736	642	0.062826
737	41	0.054835
737	703	0.1065
738	478	0.069477
738	705	0.06544
739	705	0.099699
739	720	0.089319
740	224	0.10111
740	530	0.075189
741	482	0.085462
741	715	0.077165
742	456	0.097104
742	488	0.064611
743	645	0.050359
743	705	0.12192
744	703	0.12996
744	706	0.15149
745	416	0.077117
745	709	0.069593
746	163	0.11482
746	700	0.079031
747	173	0.042314
747	181	0.032376
748	123	0.057828
748	199	0.064967
749	141	0.07452
749	163	0.075084
750	706	0.12465
750	714	0.49312
751	163	0.086585
751	412	0.060645
752	614	0.10872
752	707	0.08091
753	550	0.073478
753	660	0.045397
754	159	0.071374
754	283	0.061679
755	709	0.098847
755	730	0.30342
756	702	0.094172
756	705	0.089427
757	297	0.044766
757	306	0.047607
758	447	0.13898
758	724	0.11383
759	357	0.077212
759	406	0.073316
760	416	0.070564
760	435	0.05893
761	328	0.062433
761	638	0.060656
762	703	0.10261
762	707	0.12906
763	285	0.096919
763	307	0.063724
764	419	0.093788
764	702	0.13827
765	197	0.069154
765	215	0.095255
766	251	0.089169
766	689	0.07025
767	205	0.10484
767	208	0.10854
768	463	0.10795
768	503	0.052848
769	18	0.15179
769	23	0.24732
770	510	0.058658
770	649	0.079747
771	291	0.051479
771	486	0.050674
772	321	0.046576
772	419	0.057844
773	455	0.070701
773	724	0.10071
774	711	0.1336
774	753	0.099223
775	442	0.074135
775	714	0.11651
776	203	0.070599
776	226	0.066935
777	329	0.052386
777	405	0.051862
778	202	0.070825
778	403	0.055575
779	163	0.068346
779	165	0.045309
780	281	0.065442
780	395	0.072834
781	652	0.075878
781	691	0.066445
782	492	0.061404
782	544	0.097424
783	481	0.062288
783	740	0.063784
784	362	0.069421
784	415	0.056961
785	705	0.13127
785	709	0.13082
786	404	0.095977
786	440	0.063454
787	108	0.048069
787	454	0.043615
788	140	0.087802
788	703	0.082558
789	218	0.061104
789	262	0.064526
790	752	0.12559
790	761	0.085943
791	705	0.061272
791	720	0.12376
792	273	0.048196
792	414	0.044436
793	425	0.06042
793	447	0.10573
794	235	0.048712
794	388	0.054698
795	407	0.073787
795	455	0.06643
796	102	0.10521
796	161	0.057009
797	607	0.073196
797	621	0.077378
798	447	0.16083
798	724	0.14479
799	141	0.06971
799	705	0.089861
800	163	0.092422
800	706	0.096303
801	315	0.076703
801	351	0.076769
802	113	0.076536
802	680	0.043134
803	166	0.11524
803	186	0.070979
804	480	0.081339
804	609	0.058602
805	249	0.046947
805	306	0.050584
806	202	0.051004
806	357	0.049243
807	450	0.077017
807	809	0.20977
808	264	0.066522
808	285	0.071736
809	411	0.11551
809	422	0.090338
810	228	0.07204
810	375	0.11013
811	325	0.049866
811	833	0.049728
812	323	0.096995
812	729	0.075925
813	259	0.092369
813	411	0.10531
814	202	0.092267
814	208	0.10655
815	122	0.044371
815	365	0.14064
816	320	0.1123
816	330	0.092819
817	216	0.04937
817	217	0.083151
818	284	0.10015
818	390	0.092444
819	313	0.1175
819	329	0.18274
820	718	0.062479
820	742	0.056142
821	233	0.18209
821	277	0.047913
822	283	0.064382
822	402	0.11041
823	5	0.042444
823	650	0.047005
824	294	0.055476
824	437	0.065862
825	141	0.047806
825	315	0.050465
826	163	0.054299
826	411	0.093437
827	361	0.065009
827	816	0.12109
828	329	0.10019
828	380	0.14819
829	292	0.050777
829	406	0.05592
830	231	0.11406
830	333	0.096635
831	402	0.051363
831	712	0.060598
832	344	0.056164
832	825	0.04836
833	369	0.050321
833	639	0.058334
834	208	0.063666
834	227	0.063567
835	159	0.037512
835	199	0.055381
836	222	0.059077
836	806	0.047492
837	718	0.082566
837	804	0.33264
838	281	0.087838
838	31	0.07433
839	132	0.065478
839	139	0.074834
840	163	0.066757
840	286	0.054421
841	565	0.062811
841	570	0.049194
842	246	0.080243
842	323	0.07017
843	476	0.053216
843	596	0.064493
844	330	0.063543
844	632	0.078698
845	432	0.094815
845	841	0.057442
846	450	0.07587
846	807	0.11464
847	674	0.048191
847	805	0.077975
848	134	0.050399
848	831	0.075795
849	102	0.079142
849	120	0.074822
850	248	0.086672
850	305	0.11788
851	355	0.076121
851	688	0.074884
852	216	0.068093
852	285	0.083301
853	807	0.20973
853	809	0.12094
854	324	0.064968
854	344	0.088245
855	330	0.068101
855	398	0.055402
856	262	0.079673
856	391	0.090387
857	324	0.083903
857	444	0.054978
858	174	0.071925
858	469	0.061953
859	366	0.047139
859	375	0.050131
860	260	0.10504
860	451	0.060292
861	45	0.06557
861	780	0.086911
862	246	0.050017
862	338	0.056927
863	383	0.1639
863	816	0.14856
864	411	0.12801
864	478	0.10459
865	250	0.078528
865	265	0.13835
866	211	0.041417
866	395	0.045177
867	383	0.090852
867	387	0.069126
868	271	0.072955
868	411	0.075206
869	137	0.064152
869	383	0.1219
870	225	0.053092
870	391	0.078718
871	291	0.052509
871	396	0.049834
872	321	0.079565
872	825	0.13865
873	361	0.067446
873	478	0.058445
874	372	0.044119
874	423	0.042199
875	280	0.084398
875	385	0.093343
876	323	0.072496
876	326	0.076835
877	459	0.0527
877	553	0.05335
878	680	0.054981
878	702	0.05543
879	313	0.13711
879	329	0.25847
880	141	0.04498
880	278	0.0441
881	134	0.0517
881	284	0.042459
882	729	0.058162
882	807	0.13006
883	273	0.10283
883	342	0.058333
884	480	0.053455
884	804	0.091824
885	411	0.090936
885	445	0.080912
886	266	0.038924
886	301	0.046011
887	217	0.0807
887	310	0.08832
888	258	0.05486
888	411	0.059085
889	134	0.092503
889	365	0.050641
890	217	0.1338
890	256	0.088551
891	279	0.058304
891	315	0.11428
892	64	0.076195
892	806	0.041924
893	102	0.061917
893	195	0.054142
894	130	0.057924
894	320	0.083978
895	311	0.037474
895	338	0.035335
896	141	0.050197
896	484	0.048901
897	249	0.064216
897	754	0.061547
898	217	0.13359
898	223	0.11021
899	107	0.076714
899	339	0.071161
--1--
900	199	0.070829
900	223	0.067481
1	114	0.10748
1	32	0.10498
2	1063	0.052861
2	110	0.072769
3	14	0.24709
3	29	0.22223
4	11	0.20019
4	117	0.17837
5	115	0.085548
5	15	0.1283
6	109	0.5262
6	49	0.12808
7	114	0.10917
7	17	0.063394
8	111	0.32438
8	122	0.29205
9	102	0.062976
9	103	0.050089
10	113	0.10638
10	125	0.061204
11	117	0.35262
11	124	0.246
12	1004	0.060496
12	109	0.19363
13	101	0.15253
13	11	0.23029
14	179	0.053355
14	18	0.12263
15	19	0.091408
15	25	0.14199
16	123	0.096931
16	17	0.10655
17	114	0.11725
17	124	0.26636
18	106	0.10254
18	14	0.12263
19	15	0.091408
19	25	0.16639
20	101	0.11014
20	117	0.14583
21	125	0.14874
21	24	0.17104
22	107	0.09003
22	119	0.13564
23	112	0.11048
23	186	0.059349
24	105	0.053263
24	11	0.24116
25	125	0.16405
25	15	0.14199
26	123	0.068739
26	129	0.087129
27	110	0.079392
27	124	0.11021
28	100	0.18449
28	112	0.16752
29	14	0.20854
29	18	0.10207
30	15	0.12749
30	51	0.10727
31	28	0.15246
31	46	0.15393
32	1	0.10498
32	103	0.058752
33	125	0.19361
33	19	0.092182
34	108	0.1698
34	116	0.14462
35	103	0.050549
35	11	0.10811
36	1068	0.075122
36	11	0.22572
37	39	0.058009
37	50	0.15646
38	1	0.17739
38	102	0.058553
39	29	0.055414
39	37	0.058009
40	34	0.17
40	45	0.12774
41	106	0.65975
41	196	0.059576
42	14	0.32484
42	29	0.11178
43	330	0.06385
43	35	0.065849
44	236	0.073476
44	352	0.098431
45	104	0.17788
45	111	0.1948
46	100	0.15045
46	119	0.15827
47	28	0.075581
47	33	0.066758
48	11	0.30011
48	117	0.25612
49	241	0.088684
49	352	0.11727
50	14	0.10093
50	3	0.10624
51	25	0.13503
51	30	0.10727
52	104	0.17266
52	116	0.2894
53	117	0.13017
53	12	0.11035
54	129	0.13871
54	14	0.21352
55	115	0.12597
55	125	0.083054
56	100	0.16124
56	1026	0.042182
57	114	0.062161
57	115	0.06894
58	1	0.16017
58	101	0.15301
59	111	0.12335
59	125	0.083515
60	13	0.15375
60	17	0.14955
61	104	0.22128
61	122	0.19745
62	11	0.098433
62	124	0.098967
63	125	0.73735
63	21	0.1339
64	108	0.16792
64	116	0.14467
65	106	0.055095
65	107	0.099054
66	100	0.10678
66	112	0.11634
67	104	0.1672
67	122	0.14642
68	109	0.1426
68	218	0.050098
69	109	0.10861
69	124	0.26979
70	114	0.11952
70	115	0.076631
71	19	0.10056
71	43	0.069019
72	125	0.11683
72	16	0.70209
73	103	0.077825
73	123	0.19321
74	109	0.1035
74	2	0.11112
75	101	0.11147
75	110	0.23225
76	1007	0.052585
76	237	0.13523
77	100	0.12424
77	23	0.20065
78	114	0.10067
78	17	0.11235
79	15	0.10963
79	20	0.12434
80	10	0.6263
80	327	0.195
81	14	0.31428
81	29	0.11984
82	19	0.27493
82	20	0.15791
83	109	0.081853
83	310	0.07317
84	11	0.34323
84	117	0.2927
85	1023	0.28884
85	328	0.06926
86	1039	0.086322
86	11	0.20818
87	165	0.049314
87	534	0.038475
88	1015	0.08303
88	122	0.13231
89	1068	0.067002
89	36	0.20526
90	141	0.13581
90	211	0.061625
91	108	0.17506
91	111	0.25133
92	25	0.15004
92	26	0.061188
93	102	0.090405
93	165	0.094632
94	104	0.4153
94	116	0.19808
95	1	0.10873
95	22	0.097223
96	112	0.11404
96	23	0.41947
97	10	0.43293
97	204	0.048731
98	118	0.032919
98	14	0.09601
99	118	0.038206
99	121	0.097377
100	28	0.18449
100	46	0.15045
101	115	0.072868
101	117	0.12772
102	120	0.066167
102	38	0.058553
103	32	0.058752
103	35	0.050549
104	116	0.22153
104	122	0.19663
105	124	0.068418
105	24	0.053263
106	18	0.10254
106	210	0.073317
107	1104	0.069273
107	185	0.51677
108	111	0.15527
108	116	0.16658
109	12	0.19363
109	6	0.5262
110	120	0.10027
110	2	0.072769
111	108	0.15527
111	122	0.29544
112	23	0.11048
112	28	0.16752
113	10	0.10638
113	1050	0.088635
114	1	0.10748
114	125	0.11832
115	101	0.072868
115	121	0.097526
116	104	0.22153
116	108	0.16658
117	1000	0.086743
117	101	0.12772
118	310	0.034493
118	463	0.032555
119	108	0.21847
119	129	0.13925
120	102	0.066167
120	110	0.10027
121	115	0.097526
121	145	0.10222
122	104	0.19663
122	111	0.29544
123	16	0.096931
123	26	0.068739
124	105	0.068418
124	11	0.246
125	10	0.061204
125	114	0.11832
126	129	0.073672
126	149	0.079193
127	170	0.054152
127	201	0.161
128	165	0.14723
128	217	0.064882
129	119	0.13925
129	126	0.073672
130	164	0.060923
130	191	0.059599
131	183	0.1217
131	207	0.65215
132	155	0.10121
132	164	0.094505
133	129	0.091812
133	145	0.094018
134	138	0.1214
134	176	0.28206
135	159	0.21933
135	167	0.48568
136	1039	0.081285
136	1059	0.046279
137	129	0.092222
137	148	0.10775
138	134	0.1214
138	145	0.074672
139	150	0.20333
139	168	0.37991
140	142	0.10657
140	167	0.11772
141	108	0.11773
141	145	0.1027
142	1043	0.075408
142	140	0.10657
143	283	0.048346
143	392	0.078915
144	167	0.17119
144	174	0.19172
145	108	0.1332
145	119	0.15157
146	151	0.08406
146	160	0.12403
147	1031	0.071077
147	145	0.069999
148	137	0.10775
148	392	0.083271
149	126	0.079193
149	211	0.054693
150	139	0.20333
150	162	0.08
151	138	0.080499
151	146	0.08406
152	136	0.088547
152	171	0.068007
153	157	0.098955
153	163	0.40598
154	126	0.10205
154	162	0.080725
155	121	0.10145
155	132	0.10121
156	129	0.10844
156	145	0.083299
157	153	0.098955
157	163	0.069601
158	129	0.098292
158	145	0.098821
159	135	0.21933
159	167	0.11112
160	129	0.11135
160	146	0.12403
161	129	0.10688
161	198	0.092924
162	1034	0.040871
162	129	0.0758
163	153	0.40598
163	157	0.069601
164	130	0.060923
164	132	0.094505
165	128	0.14723
165	221	0.08303
166	221	0.3141
166	243	0.18753
167	135	0.48568
167	140	0.11772
168	139	0.37991
168	142	0.14982
169	151	0.10946
169	191	0.075347
170	127	0.054152
170	237	0.41851
171	129	0.08682
171	145	0.096475
172	150	0.16073
172	174	0.18997
173	135	0.15119
173	159	0.09289
174	142	0.21692
174	144	0.19172
175	1104	0.080354
175	145	0.06436
176	134	0.28206
176	153	0.084453
177	132	0.094182
177	151	0.086959
178	139	0.12611
178	181	0.15355
179	14	0.053355
179	157	0.052435
180	140	0.10352
180	144	0.17818
181	139	0.097736
181	178	0.15355
182	1032	0.11196
182	1062	0.072429
183	126	0.067932
183	131	0.1217
184	129	0.12725
184	177	0.13891
185	1024	0.091439
185	107	0.51677
186	108	0.052235
186	23	0.059349
187	135	0.17006
187	159	0.12652
188	133	0.73161
188	154	0.10251
189	134	0.20261
189	138	0.15971
190	129	0.083557
190	158	0.084634
191	130	0.059599
191	152	0.074879
192	132	0.091764
192	155	0.12822
193	139	0.30229
193	150	0.15126
194	190	0.34116
194	228	0.14209
195	142	0.16993
195	167	0.20901
196	206	0.082043
196	238	0.10741
197	1026	0.038839
197	134	0.14302
198	136	0.062223
198	161	0.092924
199	129	0.13328
199	145	0.093628
200	138	0.050265
200	197	0.053808
201	127	0.161
201	247	0.065636
202	167	0.11493
202	173	0.1579
203	129	0.11306
203	184	0.10635
204	1026	0.058189
204	169	0.068945
205	135	0.18914
205	167	0.21079
206	129	0.12358
206	136	0.10782
207	1004	0.054006
207	131	0.65215
208	136	0.2217
208	152	0.08094
209	1085	0.051694
209	244	0.052135
210	106	0.073317
210	2	0.068506
211	129	0.084367
211	149	0.054693
212	247	0.086851
212	273	0.067817
213	134	0.12287
213	167	0.15951
214	140	0.12886
214	142	0.21065
215	135	0.28045
215	140	0.14233
216	107	0.076235
216	135	0.15309
217	128	0.064882
217	129	0.09781
218	150	0.053324
218	206	0.052294
219	1050	0.057536
219	136	0.098005
220	134	0.050251
220	163	0.046585
221	1114	0.052033
221	1125	0.056037
222	161	0.085242
222	177	0.13869
223	135	0.11722
223	174	0.13923
224	135	0.16107
224	167	0.13437
225	129	0.10313
225	169	0.085107
226	151	0.10356
226	163	0.12739
227	142	0.11604
227	163	0.079697
228	137	0.096305
228	155	0.098993
229	1038	0.10839
229	1085	0.067681
230	106	0.094001
230	153	0.083463
231	142	0.14523
231	167	0.11955
232	126	0.077922
232	131	0.11132
233	129	0.068178
233	158	0.083718
234	144	0.19308
234	150	0.18554
235	146	0.13772
235	165	0.077263
236	139	0.089648
236	178	0.15336
237	129	0.11948
237	161	0.087629
238	10	0.077492
238	163	0.082995
239	1073	0.096098
239	468	0.078076
240	1039	0.082964
240	106	0.069467
241	1008	0.11689
241	244	0.072182
242	130	0.10477
242	151	0.090116
243	129	0.11825
243	160	0.077141
244	129	0.1027
244	133	0.29972
245	167	0.068232
245	180	0.22234
246	146	0.072004
246	160	0.069489
247	201	0.065636
247	212	0.086851
248	1031	0.072565
248	132	0.080781
249	105	0.054771
249	125	0.085268
250	145	0.069723
250	185	0.071904
251	274	0.11817
251	324	0.090002
252	1060	0.096169
252	1097	0.065665
253	258	0.071789
253	295	0.1101
254	1093	0.072342
254	280	0.084711
255	1102	0.090311
255	256	0.084064
256	255	0.084064
256	258	0.085905
257	288	0.092502
257	334	0.52095
258	1047	0.094481
258	253	0.071789
259	315	0.086198
259	318	0.093838
260	262	0.074497
260	311	0.082122
261	265	0.12816
261	298	0.088637
